1	user1	1		32041	
2	user2	0		38334	
3	user3	0		51169	
4	user4	0		43478	
5	user5	0		58962	
6	user6	1		37705	
7	user7	1		55281	
8	user8	1		41961	
9	user9	0		34995	
10	user10	0		36827	
11	user11	0		64391	
12	user12	1		35902	
13	user13	0		32292	
14	user14	0		49421	
15	user15	1		51718	
16	user16	0		37447	
17	user17	0		46771	
18	user18	0		33869	
19	user19	1		57667	
20	user20	0		49035	
21	user21	1		60703	
22	user22	1		63322	
23	user23	0		49673	
24	user24	1		47141	
25	user25	0		60253	
26	user26	0		57547	
27	user27	1		64662	
28	user28	1		52037	
29	user29	1		40723	
30	user30	0		59529	
31	user31	1		44316	
32	user32	0		54190	
33	user33	0		32288	
34	user34	0		41040	
35	user35	0		51264	
36	user36	1		59446	
37	user37	1		47890	
38	user38	0		56370	
39	user39	1		47006	
40	user40	0		56393	
41	user41	1		51629	
42	user42	0		56084	
43	user43	0		50756	
44	user44	0		36966	
45	user45	0		45931	
46	user46	1		48944	
47	user47	1		56626	
48	user48	0		37537	
49	user49	0		48118	
50	user50	1		54929	
51	user51	1		36833	
52	user52	0		36639	
53	user53	0		54704	
54	user54	0		45977	
55	user55	0		63673	
56	user56	1		37021	
57	user57	0		58924	
58	user58	1		38270	
59	user59	1		58777	
60	user60	0		37097	
61	user61	0		55986	
62	user62	0		41161	
63	user63	1		54355	
64	user64	0		55655	
65	user65	0		36031	
66	user66	0		59350	
67	user67	0		48941	
68	user68	0		45966	
69	user69	1		63107	
70	user70	1		50007	
71	user71	1		47457	
72	user72	1		59753	
73	user73	1		46945	
74	user74	0		64209	
75	user75	0		56221	
76	user76	0		38422	
77	user77	0		59506	
78	user78	0		48413	
79	user79	1		32900	
80	user80	1		50762	
81	user81	1		49410	
82	user82	1		59624	
83	user83	1		53548	
84	user84	1		59595	
85	user85	0		35602	
86	user86	0		42291	
87	user87	0		41374	
88	user88	1		36596	
89	user89	1		59348	
90	user90	0		51668	
91	user91	0		40281	
92	user92	1		32053	
93	user93	0		58418	
94	user94	0		38900	
95	user95	1		50127	
96	user96	1		35728	
97	user97	1		56648	
98	user98	1		49807	
99	user99	1		46310	
100	user100	0		54813	
